[gd_scene format=4 uid="uid://dmujhjwc5ylgy"]

[ext_resource type="Script" uid="uid://bnobrcsf3x0xq" path="res://entities/player/Player.gd" id="1_ak4un"]
[ext_resource type="Script" uid="uid://dy6lyng5cxxx8" path="res://entities/player/Head.gd" id="2_fmb3c"]
[ext_resource type="Script" uid="uid://df0qxg53ywnph" path="res://systems/lerp_follow_3d.gd" id="2_g3kjw"]
[ext_resource type="PackedScene" uid="uid://bplpbwh5ifues" path="res://systems/interaction/object_selector.tscn" id="3_2a181"]
[ext_resource type="Script" uid="uid://dtqve2lokywk" path="res://data/crafting/CraftingRecipe.gd" id="3_5qbdv"]
[ext_resource type="Script" uid="uid://cn7v6lcljin14" path="res://game/bomb_manager.gd" id="3_mq27t"]
[ext_resource type="Script" uid="uid://d11e4qey5mgdf" path="res://game/tool_manager.gd" id="3_rl6fg"]
[ext_resource type="Resource" uid="uid://uje2ye3gel36" path="res://data/items/BombItem.tres" id="3_wbbrj"]
[ext_resource type="Script" uid="uid://dednsob4blsvv" path="res://game/torch_manager.gd" id="4_d168t"]
[ext_resource type="Resource" uid="uid://bdd4ddk7o8t10" path="res://data/crafting/TorchRecipe.tres" id="4_i3i7k"]
[ext_resource type="PackedScene" uid="uid://djhlwhtnyh1j6" path="res://entities/bomb/Bomb.tscn" id="4_kwk8g"]
[ext_resource type="Resource" uid="uid://ucf3cfxpg7gj" path="res://data/items/TorchItem.tres" id="4_m1mwl"]
[ext_resource type="Resource" uid="uid://boen3vimvygwh" path="res://data/crafting/BombRecipe.tres" id="4_m3vrt"]
[ext_resource type="PackedScene" uid="uid://cnsi80dh14xy6" path="res://effects/hitparticleseffect.tscn" id="4_q57vx"]
[ext_resource type="PackedScene" uid="uid://buxr6qhn67k7e" path="res://effects/break_rock_particles.tscn" id="5_ak4un"]
[ext_resource type="PackedScene" uid="uid://btl12hu81c37h" path="res://environment/lightpost/torch.tscn" id="5_oj2y3"]
[ext_resource type="PackedScene" uid="uid://wf6ij42xq2w2" path="res://entities/tools/Tool.tscn" id="6_1ms0h"]
[ext_resource type="Shader" uid="uid://dq3dij6k6hn5t" path="res://shaders/outline.tres" id="6_j531f"]
[ext_resource type="Script" uid="uid://cp5a0y857k43q" path="res://systems/state machine/StateMachine.gd" id="7_rl6fg"]
[ext_resource type="ArrayMesh" uid="uid://c7j8goi8v2es7" path="res://assets/meshes/arms/mesh/hand_Cube_004.res" id="8_f2vir"]
[ext_resource type="Texture2D" uid="uid://ba4lgpdsejwss" path="res://assets/textures/arms/Hands_baseColor.png" id="8_q4ow4"]
[ext_resource type="Script" uid="uid://b5atrdqqi0omw" path="res://entities/player/states/move.gd" id="8_q57vx"]
[ext_resource type="Script" uid="uid://c2svr5hwaqbpu" path="res://entities/player/states/idle.gd" id="8_rl6fg"]
[ext_resource type="Texture2D" uid="uid://rgcqhdsj34ub" path="res://assets/textures/arms/Hands_occlusionRoughnessMetallic.png" id="9_ejb73"]
[ext_resource type="Texture2D" uid="uid://dadis0enx8k1u" path="res://assets/textures/arms/Hands_normal.png" id="10_4tpsr"]
[ext_resource type="Script" uid="uid://dfdivswxvjssr" path="res://entities/player/states/sprint.gd" id="10_ak4un"]
[ext_resource type="Script" uid="uid://bkvj6rlc6m5h8" path="res://entities/player/states/jump.gd" id="11_1ms0h"]
[ext_resource type="PackedScene" uid="uid://dqirpkxa6qinr" path="res://effects/beam.tscn" id="11_3uni3"]
[ext_resource type="Script" uid="uid://dt6xuwd2mcs3v" path="res://lights/ToolFlicker.gd" id="11_ax5yc"]
[ext_resource type="Script" uid="uid://dkea10ua38epr" path="res://entities/player/states/fall.gd" id="17_j531f"]
[ext_resource type="Script" uid="uid://c2bq2xjcl88t5" path="res://entities/player/states/crouch.gd" id="19_3uni3"]
[ext_resource type="PackedScene" uid="uid://t27wsbwa8oer" path="res://systems/health/has_health.tscn" id="19_4fbvh"]
[ext_resource type="PackedScene" uid="uid://c7insi1sybo2e" path="res://systems/physics/is_knockbacked.tscn" id="20_3uni3"]
[ext_resource type="PackedScene" uid="uid://dyst6k0o03jhc" path="res://systems/oxygen/has_oxygen.tscn" id="20_ux552"]
[ext_resource type="Script" uid="uid://ba70ixhalfeix" path="res://entities/player/states/riding_minecart.gd" id="22_3o0g8"]
[ext_resource type="PackedScene" uid="uid://c2hwqu8gqbygx" path="res://systems/inventory/has_inventory.tscn" id="25_pnvcq"]
[ext_resource type="Script" uid="uid://bpwquu00ir5mf" path="res://systems/crafting/crafting_manager.gd" id="29_5qbdv"]
[ext_resource type="Script" uid="uid://qpy4mtbuiq1y" path="res://entities/player/states/swim.gd" id="30_swim1"]
[ext_resource type="Script" uid="uid://bjonpc24rtpna" path="res://entities/player/states/climb.gd" id="31_climb1"]
[ext_resource type="Script" uid="uid://clqo0gjw1haik" path="res://entities/player/states/vault.gd" id="32_vault1"]
[ext_resource type="Script" uid="uid://dbxv5n2op4qxm" path="res://entities/player/water_effects.gd" id="36_ck0hy"]
[ext_resource type="Script" uid="uid://ccrwpm8sylp4r" path="res://entities/player/pickup_component.gd" id="99_pickup"]
[ext_resource type="Script" uid="uid://b50upnsd4qmo0" path="res://game/tool_states/idle.gd" id="100_toolidle"]
[ext_resource type="Script" uid="uid://bmcjhtqdcckj0" path="res://game/tool_states/mining.gd" id="100_toolmining"]

[sub_resource type="CapsuleMesh" id="CapsuleMesh_lkjt4"]
radius = 0.25
height = 1.5

[sub_resource type="CapsuleShape3D" id="CapsuleShape3D_ny0t1"]
radius = 0.25
height = 1.5

[sub_resource type="StandardMaterial3D" id="StandardMaterial3D_5v685"]
albedo_texture = ExtResource("8_q4ow4")
metallic = 1.0
metallic_texture = ExtResource("9_ejb73")
metallic_texture_channel = 2
roughness_texture = ExtResource("9_ejb73")
roughness_texture_channel = 1
normal_enabled = true
normal_texture = ExtResource("10_4tpsr")
ao_enabled = true
ao_texture = ExtResource("9_ejb73")
subsurf_scatter_enabled = true
subsurf_scatter_strength = 1.0
subsurf_scatter_skin_mode = true
texture_filter = 5
fov_override = 50.0

[sub_resource type="Skin" id="Skin_80s5l"]
resource_name = "Skin"
bind_count = 48
bind/0/name = &"shoulder.L"
bind/0/bone = -1
bind/0/pose = Transform3D(0.5070951, 0.00032626506, 0.86189, 0.86189, -0.0005705049, -0.50709486, 0.00032626512, 0.99999976, -0.00057050487, -0.068238795, 0.01892261, -0.01731273)
bind/1/name = &"upper_arm.L"
bind/1/bone = -1
bind/1/pose = Transform3D(-0.8991144, -0.03934475, 0.43594193, 0.43594196, 0.009031594, 0.89992946, -0.039344743, 0.99918497, 0.009031591, 0.15483016, -0.10406202, 0.0041211904)
bind/2/name = &"forearm.L"
bind/2/bone = -1
bind/2/pose = Transform3D(-0.0136880865, 0.99948215, -0.029122708, -0.018339401, 0.028869608, 0.99941486, 0.99973804, 0.014214192, 0.017934766, 0.0072463145, -0.28739727, -0.31935772)
bind/3/name = &"hand.L"
bind/3/bone = -1
bind/3/pose = Transform3D(0.99946004, -0.032845516, 0.00070422224, 0.0007042627, 0.04285005, 0.9990811, -0.03284553, -0.9985415, 0.04285003, -0.3097164, -0.5215394, 8.0231775e-06)
bind/4/name = &"palm.01.L"
bind/4/bone = -1
bind/4/pose = Transform3D(-0.91889775, -0.33345324, -0.21079738, -0.2270058, 0.00993121, 0.9738426, -0.3226375, 0.94271433, -0.084821545, 0.38950288, -0.48195386, 0.12923431)
bind/5/name = &"f_index.01.L"
bind/5/bone = -1
bind/5/pose = Transform3D(0.13610224, 0.98864615, -0.06367802, -0.32950705, 0.10579104, 0.9382073, 0.9342917, -0.106709816, 0.3401643, -0.011271823, -0.49416253, -0.46833172)
bind/6/name = &"f_index.02.L"
bind/6/bone = -1
bind/6/pose = Transform3D(-0.9192975, 0.25574026, -0.29914656, -0.32142413, -0.04925153, 0.94565314, 0.22710823, 0.9654899, 0.127478, 0.4351914, -0.5284365, -0.15942861)
bind/7/name = &"f_index.03.L"
bind/7/bone = -1
bind/7/pose = Transform3D(-0.9428759, 0.1182131, -0.31146508, -0.32651636, -0.14235756, 0.9344093, 0.066120036, 0.98273075, 0.17282407, 0.45169088, -0.546148, -0.14893915)
bind/8/name = &"thumb.01.L"
bind/8/bone = -1
bind/8/pose = Transform3D(0.6653781, -0.7464863, 0.0054844166, -0.42848325, -0.3758904, 0.82165, -0.6112888, -0.5490579, -0.5699659, -0.18331714, -0.3455877, 0.48604605)
bind/9/name = &"thumb.02.L"
bind/9/bone = -1
bind/9/pose = Transform3D(0.70199853, -0.7008838, -0.12633212, -0.38396928, -0.5218769, 0.7617167, -0.5998045, -0.4862163, -0.6354744, -0.11500529, -0.3530489, 0.5221703)
bind/10/name = &"thumb.03.L"
bind/10/bone = -1
bind/10/pose = Transform3D(0.5280563, -0.7691927, -0.35985935, -0.35985965, -0.5865134, 0.72560537, -0.76919246, -0.25366154, -0.5865133, 0.06855739, -0.37147337, 0.5404072)
bind/11/name = &"palm.02.L"
bind/11/bone = -1
bind/11/pose = Transform3D(-0.11702397, 0.9904709, -0.07261373, -0.035395484, 0.06891008, 0.99699444, 0.992498, 0.119242534, 0.026994107, 0.060512647, -0.55312216, -0.32022706)
bind/12/name = &"f_middle.01.L"
bind/12/bone = -1
bind/12/pose = Transform3D(0.99988174, -0.011696609, 0.009965586, -0.008879574, 0.089482576, 0.9959484, -0.012541019, -0.9959196, 0.08936811, -0.30915093, -0.62091583, -0.031576026)
bind/13/name = &"f_middle.02.L"
bind/13/bone = -1
bind/13/pose = Transform3D(0.98787975, -0.14775872, -0.04754701, 0.03152623, -0.10893564, 0.9935486, -0.15198512, -0.9830058, -0.102957055, -0.26442933, -0.66133404, 0.1370228)
bind/14/name = &"f_middle.03.L"
bind/14/bone = -1
bind/14/pose = Transform3D(0.9900831, -0.12031333, -0.072523326, 0.045950726, -0.2104929, 0.9765145, -0.13275348, -0.97016335, -0.20287697, -0.24846101, -0.6819735, 0.19970885)
bind/15/name = &"palm.03.L"
bind/15/bone = -1
bind/15/pose = Transform3D(0.0058047934, -0.99503756, 0.09933175, 0.14727996, 0.09910091, 0.9841175, -0.98907775, 0.008916963, 0.1471243, -0.04376773, -0.6030202, 0.2321955)
bind/16/name = &"f_ring.01.L"
bind/16/bone = -1
bind/16/pose = Transform3D(-0.08167126, -0.99369955, 0.07675432, 0.21543263, 0.0575898, 0.97481894, -0.9730973, 0.096150085, 0.2093718, -0.0010183005, -0.6805431, 0.18631671)
bind/17/name = &"f_ring.02.L"
bind/17/bone = -1
bind/17/pose = Transform3D(-0.978453, 0.012121081, 0.20611347, 0.20435959, -0.08549961, 0.9751548, 0.029442566, 0.9962646, 0.08118029, 0.19207804, -0.7031371, -0.08471112)
bind/18/name = &"f_ring.03.L"
bind/18/bone = -1
bind/18/pose = Transform3D(0.016761014, 0.9486551, 0.31586808, 0.20385064, -0.31251925, 0.9277804, 0.9788585, 0.048839398, -0.19862203, -0.23899618, -0.69378006, -0.19850282)
bind/19/name = &"palm.04.L"
bind/19/bone = -1
bind/19/pose = Transform3D(-0.93103725, 0.2227759, 0.28903335, 0.30819577, 0.055897363, 0.94967955, 0.19540948, 0.97326577, -0.12070104, 0.14405033, -0.6357607, -0.006004132)
bind/20/name = &"f_pinky.01.L"
bind/20/bone = -1
bind/20/pose = Transform3D(-0.0828663, -0.92409575, 0.37306845, 0.41453496, 0.30846882, 0.856159, -0.9062526, 0.22559658, 0.35750818, -0.19027683, -0.67913854, 0.092939995)
bind/21/name = &"f_pinky.02.L"
bind/21/bone = -1
bind/21/pose = Transform3D(-0.82763356, 0.42888305, 0.3620519, 0.35564867, -0.09829661, 0.92943686, 0.434208, 0.8979962, -0.07117797, 0.057671074, -0.7204574, -0.1287123)
bind/22/name = &"f_pinky.03.L"
bind/22/bone = -1
bind/22/pose = Transform3D(0.334002, 0.9141533, 0.22971018, 0.30035058, -0.33422244, 0.8933568, 0.8934385, -0.22938912, -0.38619697, -0.29148734, -0.6970398, -0.06943736)
bind/23/name = &"handIK.L"
bind/23/bone = -1
bind/23/pose = Transform3D(0.99946, -0.032860477, 0, 0, 0, 1, -0.032860477, -0.99946, 0, -0.30929428, -0.6519498, 0.025693594)
bind/24/name = &"shoulder.R"
bind/24/bone = -1
bind/24/pose = Transform3D(0.5070951, -0.00032626506, -0.86189, -0.86189, -0.0005705049, -0.50709486, -0.00032626512, 0.99999976, -0.00057050487, 0.068238795, 0.01892261, -0.01731273)
bind/25/name = &"upper_arm.R"
bind/25/bone = -1
bind/25/pose = Transform3D(-0.8991144, 0.03934475, -0.43594193, -0.43594196, 0.009031594, 0.89992946, 0.039344743, 0.99918497, 0.009031591, -0.15483016, -0.10406202, 0.0041211904)
bind/26/name = &"forearm.R"
bind/26/bone = -1
bind/26/pose = Transform3D(-0.0136880865, -0.99948215, 0.029122708, 0.018339401, 0.028869608, 0.99941486, -0.99973804, 0.014214192, 0.017934766, -0.0072463145, -0.28739727, -0.31935772)
bind/27/name = &"hand.R"
bind/27/bone = -1
bind/27/pose = Transform3D(0.99946004, 0.032845516, -0.00070422224, -0.0007042627, 0.04285005, 0.9990811, 0.03284553, -0.9985415, 0.04285003, 0.3097164, -0.5215394, 8.0231775e-06)
bind/28/name = &"palm.01.R"
bind/28/bone = -1
bind/28/pose = Transform3D(-0.91889775, 0.33345324, 0.21079738, 0.2270058, 0.00993121, 0.9738426, 0.3226375, 0.94271433, -0.084821545, -0.38950288, -0.48195386, 0.12923431)
bind/29/name = &"f_index.01.R"
bind/29/bone = -1
bind/29/pose = Transform3D(0.13610224, -0.98864615, 0.06367802, 0.32950705, 0.10579104, 0.9382073, -0.9342917, -0.106709816, 0.3401643, 0.011271823, -0.49416253, -0.46833172)
bind/30/name = &"f_index.02.R"
bind/30/bone = -1
bind/30/pose = Transform3D(-0.9192975, -0.25574026, 0.29914656, 0.32142413, -0.04925153, 0.94565314, -0.22710823, 0.9654899, 0.127478, -0.4351914, -0.5284365, -0.15942861)
bind/31/name = &"f_index.03.R"
bind/31/bone = -1
bind/31/pose = Transform3D(-0.9428759, -0.1182131, 0.31146508, 0.32651636, -0.14235756, 0.9344093, -0.066120036, 0.98273075, 0.17282407, -0.45169088, -0.546148, -0.14893915)
bind/32/name = &"thumb.01.R"
bind/32/bone = -1
bind/32/pose = Transform3D(0.6653781, 0.7464863, -0.0054844166, 0.42848325, -0.3758904, 0.82165, 0.6112888, -0.5490579, -0.5699659, 0.18331714, -0.3455877, 0.48604605)
bind/33/name = &"thumb.02.R"
bind/33/bone = -1
bind/33/pose = Transform3D(0.70199853, 0.7008838, 0.12633212, 0.38396928, -0.5218769, 0.7617167, 0.5998045, -0.4862163, -0.6354744, 0.11500529, -0.3530489, 0.5221703)
bind/34/name = &"thumb.03.R"
bind/34/bone = -1
bind/34/pose = Transform3D(0.5280563, 0.7691927, 0.35985935, 0.35985965, -0.5865134, 0.72560537, 0.76919246, -0.25366154, -0.5865133, -0.06855739, -0.37147337, 0.5404072)
bind/35/name = &"palm.02.R"
bind/35/bone = -1
bind/35/pose = Transform3D(-0.11702397, -0.9904709, 0.07261373, 0.035395484, 0.06891008, 0.99699444, -0.992498, 0.119242534, 0.026994107, -0.060512647, -0.55312216, -0.32022706)
bind/36/name = &"f_middle.01.R"
bind/36/bone = -1
bind/36/pose = Transform3D(0.99988174, 0.011696609, -0.009965586, 0.008879574, 0.089482576, 0.9959484, 0.012541019, -0.9959196, 0.08936811, 0.30915093, -0.62091583, -0.031576026)
bind/37/name = &"f_middle.02.R"
bind/37/bone = -1
bind/37/pose = Transform3D(0.98787975, 0.14775872, 0.04754701, -0.03152623, -0.10893564, 0.9935486, 0.15198512, -0.9830058, -0.102957055, 0.26442933, -0.66133404, 0.1370228)
bind/38/name = &"f_middle.03.R"
bind/38/bone = -1
bind/38/pose = Transform3D(0.9900831, 0.12031333, 0.072523326, -0.045950726, -0.2104929, 0.9765145, 0.13275348, -0.97016335, -0.20287697, 0.24846101, -0.6819735, 0.19970885)
bind/39/name = &"palm.03.R"
bind/39/bone = -1
bind/39/pose = Transform3D(0.0058047934, 0.99503756, -0.09933175, -0.14727996, 0.09910091, 0.9841175, 0.98907775, 0.008916963, 0.1471243, 0.04376773, -0.6030202, 0.2321955)
bind/40/name = &"f_ring.01.R"
bind/40/bone = -1
bind/40/pose = Transform3D(-0.08167126, 0.99369955, -0.07675432, -0.21543263, 0.0575898, 0.97481894, 0.9730973, 0.096150085, 0.2093718, 0.0010183005, -0.6805431, 0.18631671)
bind/41/name = &"f_ring.02.R"
bind/41/bone = -1
bind/41/pose = Transform3D(-0.978453, -0.012121081, -0.20611347, -0.20435959, -0.08549961, 0.9751548, -0.029442566, 0.9962646, 0.08118029, -0.19207804, -0.7031371, -0.08471112)
bind/42/name = &"f_ring.03.R"
bind/42/bone = -1
bind/42/pose = Transform3D(0.016761014, -0.9486551, -0.31586808, -0.20385064, -0.31251925, 0.9277804, -0.9788585, 0.048839398, -0.19862203, 0.23899618, -0.69378006, -0.19850282)
bind/43/name = &"palm.04.R"
bind/43/bone = -1
bind/43/pose = Transform3D(-0.93103725, -0.2227759, -0.28903335, -0.30819577, 0.055897363, 0.94967955, -0.19540948, 0.97326577, -0.12070104, -0.14405033, -0.6357607, -0.006004132)
bind/44/name = &"f_pinky.01.R"
bind/44/bone = -1
bind/44/pose = Transform3D(-0.0828663, 0.92409575, -0.37306845, -0.41453496, 0.30846882, 0.856159, 0.9062526, 0.22559658, 0.35750818, 0.19027683, -0.67913854, 0.092939995)
bind/45/name = &"f_pinky.02.R"
bind/45/bone = -1
bind/45/pose = Transform3D(-0.82763356, -0.42888305, -0.3620519, -0.35564867, -0.09829661, 0.92943686, -0.434208, 0.8979962, -0.07117797, -0.057671074, -0.7204574, -0.1287123)
bind/46/name = &"f_pinky.03.R"
bind/46/bone = -1
bind/46/pose = Transform3D(0.334002, -0.9141533, -0.22971018, -0.30035058, -0.33422244, 0.8933568, -0.8934385, -0.22938912, -0.38619697, 0.29148734, -0.6970398, -0.06943736)
bind/47/name = &"handIK.R"
bind/47/bone = -1
bind/47/pose = Transform3D(0.99946, 0.032860477, 0, 0, 0, 1, 0.032860477, -0.99946, 0, 0.30929428, -0.6519498, 0.025693594)

[sub_resource type="Animation" id="Animation_sd30b"]
resource_name = "ArmatureAction"
length = 0.033333335
tracks/0/type = "rotation_3d"
tracks/0/imported = true
tracks/0/enabled = true
tracks/0/path = NodePath("metarig/Skeleton3D:shoulder.L")
tracks/0/interp = 0
tracks/0/loop_wrap = true
tracks/0/keys = PackedFloat32Array(0, 1, -0.56619537, -0.43513283, -0.41650593, 0.5626766)
tracks/1/type = "rotation_3d"
tracks/1/imported = true
tracks/1/enabled = true
tracks/1/path = NodePath("metarig/Skeleton3D:upper_arm.L")
tracks/1/interp = 0
tracks/1/loop_wrap = true
tracks/1/keys = PackedFloat32Array(0, 1, 0.01224841, 0.016760832, -0.6745493, 0.7379379)
tracks/2/type = "rotation_3d"
tracks/2/imported = true
tracks/2/enabled = true
tracks/2/path = NodePath("metarig/Skeleton3D:forearm.L")
tracks/2/interp = 0
tracks/2/loop_wrap = true
tracks/2/keys = PackedFloat32Array(0, 1, -0.107626274, -0.7114191, -0.11123599, 0.6855115)
tracks/3/type = "rotation_3d"
tracks/3/imported = true
tracks/3/enabled = true
tracks/3/path = NodePath("metarig/Skeleton3D:hand.L")
tracks/3/interp = 0
tracks/3/loop_wrap = true
tracks/3/keys = PackedFloat32Array(0, 1, -0.0148364995, -0.725161, 0.025434991, 0.6879495)
tracks/4/type = "rotation_3d"
tracks/4/imported = true
tracks/4/enabled = true
tracks/4/path = NodePath("metarig/Skeleton3D:palm.01.L")
tracks/4/interp = 0
tracks/4/loop_wrap = true
tracks/4/keys = PackedFloat32Array(0, 1, 0.115720704, -0.9766254, 0.0013584817, 0.1811347)
tracks/5/type = "position_3d"
tracks/5/imported = true
tracks/5/enabled = true
tracks/5/path = NodePath("metarig/Skeleton3D:handIK.L")
tracks/5/interp = 0
tracks/5/loop_wrap = true
tracks/5/keys = PackedFloat32Array(0, 1, 0.30997148, 0.015516164, 0.6519497)
tracks/6/type = "rotation_3d"
tracks/6/imported = true
tracks/6/enabled = true
tracks/6/path = NodePath("metarig/Skeleton3D:handIK.L")
tracks/6/interp = 0
tracks/6/loop_wrap = true
tracks/6/keys = PackedFloat32Array(0, 1, 0.70701134, -0.011619503, -0.011619503, 0.7070113)
tracks/7/type = "rotation_3d"
tracks/7/imported = true
tracks/7/enabled = true
tracks/7/path = NodePath("metarig/Skeleton3D:shoulder.R")
tracks/7/interp = 0
tracks/7/loop_wrap = true
tracks/7/keys = PackedFloat32Array(0, 1, -0.56619537, 0.43513283, 0.41650593, 0.5626766)
tracks/8/type = "rotation_3d"
tracks/8/imported = true
tracks/8/enabled = true
tracks/8/path = NodePath("metarig/Skeleton3D:upper_arm.R")
tracks/8/interp = 0
tracks/8/loop_wrap = true
tracks/8/keys = PackedFloat32Array(0, 1, 0.01224841, -0.016760832, 0.6745493, 0.7379379)
tracks/9/type = "rotation_3d"
tracks/9/imported = true
tracks/9/enabled = true
tracks/9/path = NodePath("metarig/Skeleton3D:forearm.R")
tracks/9/interp = 0
tracks/9/loop_wrap = true
tracks/9/keys = PackedFloat32Array(0, 1, -0.107626274, 0.7114191, 0.11123599, 0.6855115)
tracks/10/type = "rotation_3d"
tracks/10/imported = true
tracks/10/enabled = true
tracks/10/path = NodePath("metarig/Skeleton3D:hand.R")
tracks/10/interp = 0
tracks/10/loop_wrap = true
tracks/10/keys = PackedFloat32Array(0, 1, -0.0148364995, 0.725161, -0.025434991, 0.6879495)
tracks/11/type = "rotation_3d"
tracks/11/imported = true
tracks/11/enabled = true
tracks/11/path = NodePath("metarig/Skeleton3D:palm.01.R")
tracks/11/interp = 0
tracks/11/loop_wrap = true
tracks/11/keys = PackedFloat32Array(0, 1, 0.115720704, 0.9766254, -0.0013584817, 0.1811347)
tracks/12/type = "rotation_3d"
tracks/12/imported = true
tracks/12/enabled = true
tracks/12/path = NodePath("metarig/Skeleton3D:f_index.01.R")
tracks/12/interp = 0
tracks/12/loop_wrap = true
tracks/12/keys = PackedFloat32Array(0, 1, 0.003947201, 0.84582996, 0.07228964, 0.5285171)
tracks/13/type = "rotation_3d"
tracks/13/imported = true
tracks/13/enabled = true
tracks/13/path = NodePath("metarig/Skeleton3D:f_index.02.R")
tracks/13/interp = 0
tracks/13/loop_wrap = true
tracks/13/keys = PackedFloat32Array(0, 1, -0.039765228, -0.64973676, -0.0667718, 0.7561762)
tracks/14/type = "rotation_3d"
tracks/14/imported = true
tracks/14/enabled = true
tracks/14/path = NodePath("metarig/Skeleton3D:thumb.01.R")
tracks/14/interp = 0
tracks/14/loop_wrap = true
tracks/14/keys = PackedFloat32Array(0, 1, 0.06059953, -0.79520124, 0.22244374, 0.5608043)
tracks/15/type = "rotation_3d"
tracks/15/imported = true
tracks/15/enabled = true
tracks/15/path = NodePath("metarig/Skeleton3D:thumb.02.R")
tracks/15/interp = 0
tracks/15/loop_wrap = true
tracks/15/keys = PackedFloat32Array(0, 1, 0.04251709, 0.016893044, 0.07009768, 0.9964905)
tracks/16/type = "rotation_3d"
tracks/16/imported = true
tracks/16/enabled = true
tracks/16/path = NodePath("metarig/Skeleton3D:thumb.03.R")
tracks/16/interp = 0
tracks/16/loop_wrap = true
tracks/16/keys = PackedFloat32Array(0, 1, 0.014905477, 0.14515729, 0.03596701, 0.9886424)
tracks/17/type = "rotation_3d"
tracks/17/imported = true
tracks/17/enabled = true
tracks/17/path = NodePath("metarig/Skeleton3D:palm.02.R")
tracks/17/interp = 0
tracks/17/loop_wrap = true
tracks/17/keys = PackedFloat32Array(0, 1, -0.022135122, -0.75813293, -0.0025892912, 0.65171915)
tracks/18/type = "rotation_3d"
tracks/18/imported = true
tracks/18/enabled = true
tracks/18/path = NodePath("metarig/Skeleton3D:f_middle.01.R")
tracks/18/interp = 0
tracks/18/loop_wrap = true
tracks/18/keys = PackedFloat32Array(0, 1, 0.002965794, 0.7512566, 0.01652447, 0.6597967)
tracks/19/type = "rotation_3d"
tracks/19/imported = true
tracks/19/enabled = true
tracks/19/path = NodePath("metarig/Skeleton3D:f_middle.02.R")
tracks/19/interp = 0
tracks/19/loop_wrap = true
tracks/19/keys = PackedFloat32Array(0, 1, 0.097239375, 0.06851723, 0.028223258, 0.9924986)
tracks/20/type = "rotation_3d"
tracks/20/imported = true
tracks/20/enabled = true
tracks/20/path = NodePath("metarig/Skeleton3D:f_middle.03.R")
tracks/20/interp = 0
tracks/20/loop_wrap = true
tracks/20/keys = PackedFloat32Array(0, 1, 0.04993615, -0.011665136, 0.014470827, 0.9985795)
tracks/21/type = "rotation_3d"
tracks/21/imported = true
tracks/21/enabled = true
tracks/21/path = NodePath("metarig/Skeleton3D:palm.03.R")
tracks/21/interp = 0
tracks/21/loop_wrap = true
tracks/21/keys = PackedFloat32Array(0, 1, -0.072634876, 0.692662, 0.03069691, 0.71693885)
tracks/22/type = "rotation_3d"
tracks/22/imported = true
tracks/22/enabled = true
tracks/22/path = NodePath("metarig/Skeleton3D:f_ring.01.R")
tracks/22/interp = 0
tracks/22/loop_wrap = true
tracks/22/keys = PackedFloat32Array(0, 1, -0.035409335, 0.041001394, 0.018967977, 0.9983513)
tracks/23/type = "rotation_3d"
tracks/23/imported = true
tracks/23/enabled = true
tracks/23/path = NodePath("metarig/Skeleton3D:f_ring.02.R")
tracks/23/interp = 0
tracks/23/loop_wrap = true
tracks/23/keys = PackedFloat32Array(0, 1, -0.04961911, 0.67488474, 0.051838893, 0.73442584)
tracks/24/type = "rotation_3d"
tracks/24/imported = true
tracks/24/enabled = true
tracks/24/path = NodePath("metarig/Skeleton3D:f_ring.03.R")
tracks/24/interp = 0
tracks/24/loop_wrap = true
tracks/24/keys = PackedFloat32Array(0, 1, -0.08022153, 0.68035877, -0.08372656, 0.72364795)
tracks/25/type = "rotation_3d"
tracks/25/imported = true
tracks/25/enabled = true
tracks/25/path = NodePath("metarig/Skeleton3D:palm.04.R")
tracks/25/interp = 0
tracks/25/loop_wrap = true
tracks/25/keys = PackedFloat32Array(0, 1, 0.15359779, -0.983934, 0.026422745, 0.087083355)
tracks/26/type = "rotation_3d"
tracks/26/imported = true
tracks/26/enabled = true
tracks/26/path = NodePath("metarig/Skeleton3D:f_pinky.01.R")
tracks/26/interp = 0
tracks/26/loop_wrap = true
tracks/26/keys = PackedFloat32Array(0, 1, 0.073679045, -0.7034982, -0.124631576, 0.69579357)
tracks/27/type = "rotation_3d"
tracks/27/imported = true
tracks/27/enabled = true
tracks/27/path = NodePath("metarig/Skeleton3D:f_pinky.03.R")
tracks/27/interp = 0
tracks/27/loop_wrap = true
tracks/27/keys = PackedFloat32Array(0, 1, -0.069596246, 0.6248506, -0.10080436, 0.771075)
tracks/28/type = "position_3d"
tracks/28/imported = true
tracks/28/enabled = true
tracks/28/path = NodePath("metarig/Skeleton3D:handIK.R")
tracks/28/interp = 0
tracks/28/loop_wrap = true
tracks/28/keys = PackedFloat32Array(0, 1, -0.30997148, 0.015516164, 0.6519497)
tracks/29/type = "rotation_3d"
tracks/29/imported = true
tracks/29/enabled = true
tracks/29/path = NodePath("metarig/Skeleton3D:handIK.R")
tracks/29/interp = 0
tracks/29/loop_wrap = true
tracks/29/keys = PackedFloat32Array(0, 1, 0.70701134, 0.011619503, 0.011619503, 0.7070113)

[sub_resource type="Animation" id="Animation_symhv"]
resource_name = "HoldTool_HOLD"
length = 0.53333336
loop_mode = 1
tracks/0/type = "rotation_3d"
tracks/0/imported = true
tracks/0/enabled = true
tracks/0/path = NodePath("metarig/Skeleton3D:shoulder.L")
tracks/0/interp = 0
tracks/0/loop_wrap = true
tracks/0/keys = PackedFloat32Array(0, 1, -0.52706105, -0.03101891, -0.30166042, 0.79388005)
tracks/1/type = "rotation_3d"
tracks/1/imported = true
tracks/1/enabled = true
tracks/1/path = NodePath("metarig/Skeleton3D:upper_arm.L")
tracks/1/interp = 0
tracks/1/loop_wrap = true
tracks/1/keys = PackedFloat32Array(0, 1, -0.104805626, 0.24454252, -0.7172343, 0.6440418)
tracks/2/type = "rotation_3d"
tracks/2/imported = true
tracks/2/enabled = true
tracks/2/path = NodePath("metarig/Skeleton3D:forearm.L")
tracks/2/interp = 0
tracks/2/loop_wrap = true
tracks/2/keys = PackedFloat32Array(0, 1, -0.25705075, -0.65474695, -0.109069, 0.70237833)
tracks/3/type = "rotation_3d"
tracks/3/imported = true
tracks/3/enabled = true
tracks/3/path = NodePath("metarig/Skeleton3D:hand.L")
tracks/3/interp = 0
tracks/3/loop_wrap = true
tracks/3/keys = PackedFloat32Array(0, 1, -0.0024669894, -0.71234435, -0.10469701, 0.6939726)
tracks/4/type = "rotation_3d"
tracks/4/imported = true
tracks/4/enabled = true
tracks/4/path = NodePath("metarig/Skeleton3D:palm.01.L")
tracks/4/interp = 0
tracks/4/loop_wrap = true
tracks/4/keys = PackedFloat32Array(0, 1, 0.11572071, -0.9766254, 0.0013585028, 0.18113472)
tracks/5/type = "position_3d"
tracks/5/imported = true
tracks/5/enabled = true
tracks/5/path = NodePath("metarig/Skeleton3D:handIK.L")
tracks/5/interp = 0
tracks/5/loop_wrap = true
tracks/5/keys = PackedFloat32Array(0, 1, 0.3289303, -0.5049248, 0.08152217)
tracks/6/type = "rotation_3d"
tracks/6/imported = true
tracks/6/enabled = true
tracks/6/path = NodePath("metarig/Skeleton3D:handIK.L")
tracks/6/interp = 0
tracks/6/loop_wrap = true
tracks/6/keys = PackedFloat32Array(0, 1, 0.93440235, 0.06413951, -0.28789264, 0.19974098)
tracks/7/type = "rotation_3d"
tracks/7/imported = true
tracks/7/enabled = true
tracks/7/path = NodePath("metarig/Skeleton3D:shoulder.R")
tracks/7/interp = 1
tracks/7/loop_wrap = true
tracks/7/keys = PackedFloat32Array(0, 1, -0.6389089, 0.15636045, 0.40522707, 0.6349314, 0.033333335, 1, -0.6389089, 0.15636045, 0.40522707, 0.6349314, 0.06666667, 1, -0.6396027, 0.15674905, 0.40428805, 0.6347356, 0.1, 1, -0.64030087, 0.15714477, 0.4033569, 0.63452625, 0.2, 1, -0.63890624, 0.156359, 0.4052307, 0.63493216, 0.26666668, 1, -0.63890624, 0.156359, 0.4052307, 0.63493216, 0.33333334, 1, -0.63890624, 0.156359, 0.4052307, 0.63493216, 0.4, 1, -0.6389062, 0.15635896, 0.4052307, 0.63493216, 0.43333334, 1, -0.6375291, 0.15560131, 0.4071353, 0.635284, 0.46666667, 1, -0.6378851, 0.15579548, 0.4066377, 0.63519776, 0.5, 1, -0.6385495, 0.15616101, 0.40571886, 0.635028, 0.53333336, 1, -0.6389089, 0.15636045, 0.40522707, 0.6349314)
tracks/8/type = "rotation_3d"
tracks/8/imported = true
tracks/8/enabled = true
tracks/8/path = NodePath("metarig/Skeleton3D:upper_arm.R")
tracks/8/interp = 1
tracks/8/loop_wrap = true
tracks/8/keys = PackedFloat32Array(0, 1, -0.14628132, -0.014218886, 0.89720297, 0.41644502, 0.033333335, 1, -0.14628132, -0.014218886, 0.89720297, 0.41644502, 0.1, 1, -0.14527172, -0.012365296, 0.89824456, 0.41460824, 0.13333334, 1, -0.1462833, -0.014222484, 0.8972009, 0.41644868, 0.2, 1, -0.1462833, -0.014222484, 0.8972009, 0.41644868, 0.26666668, 1, -0.1462833, -0.014222491, 0.8972009, 0.41644874, 0.33333334, 1, -0.1462833, -0.014222484, 0.8972009, 0.41644868, 0.4, 1, -0.1462833, -0.014222484, 0.8972009, 0.41644868, 0.43333334, 1, -0.14728329, -0.01607067, 0.8961341, 0.41832182, 0.46666667, 1, -0.14702472, -0.015591417, 0.89641345, 0.41783205, 0.5, 1, -0.14654222, -0.014699822, 0.8969281, 0.41692847, 0.53333336, 1, -0.14628132, -0.014218886, 0.89720297, 0.41644502)
tracks/9/type = "rotation_3d"
tracks/9/imported = true
tracks/9/enabled = true
tracks/9/path = NodePath("metarig/Skeleton3D:forearm.R")
tracks/9/interp = 1
tracks/9/loop_wrap = true
tracks/9/keys = PackedFloat32Array(0, 1, -0.2609556, 0.74460655, 0.27038062, 0.55168617, 0.1, 1, -0.26175982, 0.7451401, 0.26977354, 0.55088145, 0.13333334, 1, -0.260954, 0.74460554, 0.27038172, 0.5516878, 0.2, 1, -0.26095402, 0.74460554, 0.27038172, 0.5516878, 0.26666668, 1, -0.26095396, 0.74460554, 0.27038172, 0.5516878, 0.33333334, 1, -0.26095402, 0.74460554, 0.27038172, 0.5516878, 0.4, 1, -0.260954, 0.74460554, 0.27038172, 0.5516878, 0.43333334, 1, -0.26010987, 0.7440952, 0.2709318, 0.5525044, 0.5, 1, -0.26074007, 0.7444716, 0.27052912, 0.55189735, 0.53333336, 1, -0.2609556, 0.74460655, 0.27038062, 0.55168617)
tracks/10/type = "rotation_3d"
tracks/10/imported = true
tracks/10/enabled = true
tracks/10/path = NodePath("metarig/Skeleton3D:hand.R")
tracks/10/interp = 1
tracks/10/loop_wrap = true
tracks/10/keys = PackedFloat32Array(0, 1, 0.0012548878, 0.7804456, 0.27281016, 0.5625638, 0.033333335, 1, 0.0012548877, 0.78044546, 0.27281013, 0.5625637, 0.1, 1, 0.00412074, 0.7809175, 0.27462888, 0.56100786, 0.2, 1, 0.0012492756, 0.7804446, 0.27280653, 0.56256676, 0.26666668, 1, 0.0012492662, 0.7804445, 0.27280656, 0.56256676, 0.33333334, 1, 0.0012492756, 0.7804446, 0.27280653, 0.56256676, 0.4, 1, 0.0012492662, 0.78044456, 0.27280664, 0.56256676, 0.43333334, 1, -0.001635639, 0.7799783, 0.2709492, 0.5641079, 0.46666667, 1, -0.0008849691, 0.78009886, 0.27143502, 0.5637092, 0.5, 1, 0.000506754, 0.7803237, 0.2723311, 0.5629658, 0.53333336, 1, 0.0012548878, 0.7804456, 0.27281016, 0.5625638)
tracks/11/type = "rotation_3d"
tracks/11/imported = true
tracks/11/enabled = true
tracks/11/path = NodePath("metarig/Skeleton3D:palm.01.R")
tracks/11/interp = 0
tracks/11/loop_wrap = true
tracks/11/keys = PackedFloat32Array(0, 1, 0.028407209, 0.9766233, -0.1363061, 0.16377011)
tracks/12/type = "rotation_3d"
tracks/12/imported = true
tracks/12/enabled = true
tracks/12/path = NodePath("metarig/Skeleton3D:f_index.01.R")
tracks/12/interp = 0
tracks/12/loop_wrap = true
tracks/12/keys = PackedFloat32Array(0, 1, -0.083303384, 0.85795707, -0.17088228, 0.47725204)
tracks/13/type = "rotation_3d"
tracks/13/imported = true
tracks/13/enabled = true
tracks/13/path = NodePath("metarig/Skeleton3D:f_index.02.R")
tracks/13/interp = 0
tracks/13/loop_wrap = true
tracks/13/keys = PackedFloat32Array(0, 1, -0.35012633, -0.6130528, -0.3304414, 0.62640744)
tracks/14/type = "rotation_3d"
tracks/14/imported = true
tracks/14/enabled = true
tracks/14/path = NodePath("metarig/Skeleton3D:thumb.01.R")
tracks/14/interp = 0
tracks/14/loop_wrap = true
tracks/14/keys = PackedFloat32Array(0, 1, 0.09186188, -0.71681625, 0.46355382, 0.51269275)
tracks/15/type = "rotation_3d"
tracks/15/imported = true
tracks/15/enabled = true
tracks/15/path = NodePath("metarig/Skeleton3D:thumb.02.R")
tracks/15/interp = 0
tracks/15/loop_wrap = true
tracks/15/keys = PackedFloat32Array(0, 1, -0.33582798, -0.058886178, 0.111901455, 0.93339705)
tracks/16/type = "rotation_3d"
tracks/16/imported = true
tracks/16/enabled = true
tracks/16/path = NodePath("metarig/Skeleton3D:thumb.03.R")
tracks/16/interp = 0
tracks/16/loop_wrap = true
tracks/16/keys = PackedFloat32Array(0, 1, -0.35030594, 0.1581952, -0.014777241, 0.923061)
tracks/17/type = "rotation_3d"
tracks/17/imported = true
tracks/17/enabled = true
tracks/17/path = NodePath("metarig/Skeleton3D:palm.02.R")
tracks/17/interp = 0
tracks/17/loop_wrap = true
tracks/17/keys = PackedFloat32Array(0, 1, -0.09536862, -0.72527057, 0.17233844, 0.659687)
tracks/18/type = "rotation_3d"
tracks/18/imported = true
tracks/18/enabled = true
tracks/18/path = NodePath("metarig/Skeleton3D:f_middle.01.R")
tracks/18/interp = 0
tracks/18/loop_wrap = true
tracks/18/keys = PackedFloat32Array(0, 1, 0.28515434, 0.68600047, -0.30669656, 0.5950022)
tracks/19/type = "rotation_3d"
tracks/19/imported = true
tracks/19/enabled = true
tracks/19/path = NodePath("metarig/Skeleton3D:f_middle.02.R")
tracks/19/interp = 0
tracks/19/loop_wrap = true
tracks/19/keys = PackedFloat32Array(0, 1, 0.4871141, 0.074084595, -0.0016243513, 0.8701889)
tracks/20/type = "rotation_3d"
tracks/20/imported = true
tracks/20/enabled = true
tracks/20/path = NodePath("metarig/Skeleton3D:f_middle.03.R")
tracks/20/interp = 0
tracks/20/loop_wrap = true
tracks/20/keys = PackedFloat32Array(0, 1, 0.45649594, -0.0046755467, 0.017989442, 0.8895313)
tracks/21/type = "rotation_3d"
tracks/21/imported = true
tracks/21/enabled = true
tracks/21/path = NodePath("metarig/Skeleton3D:palm.03.R")
tracks/21/interp = 0
tracks/21/loop_wrap = true
tracks/21/keys = PackedFloat32Array(0, 1, -0.23144603, 0.69952226, -0.04333864, 0.6747022)
tracks/22/type = "rotation_3d"
tracks/22/imported = true
tracks/22/enabled = true
tracks/22/path = NodePath("metarig/Skeleton3D:f_ring.01.R")
tracks/22/interp = 0
tracks/22/loop_wrap = true
tracks/22/keys = PackedFloat32Array(0, 1, -0.033666227, 0.042444304, 0.06064228, 0.9966883)
tracks/23/type = "rotation_3d"
tracks/23/imported = true
tracks/23/enabled = true
tracks/23/path = NodePath("metarig/Skeleton3D:f_ring.02.R")
tracks/23/interp = 0
tracks/23/loop_wrap = true
tracks/23/keys = PackedFloat32Array(0, 1, -0.33693314, 0.59892625, 0.3153474, 0.65446126)
tracks/24/type = "rotation_3d"
tracks/24/imported = true
tracks/24/enabled = true
tracks/24/path = NodePath("metarig/Skeleton3D:f_ring.03.R")
tracks/24/interp = 0
tracks/24/loop_wrap = true
tracks/24/keys = PackedFloat32Array(0, 1, -0.4503396, 0.5162536, -0.4776734, 0.5500041)
tracks/25/type = "rotation_3d"
tracks/25/imported = true
tracks/25/enabled = true
tracks/25/path = NodePath("metarig/Skeleton3D:palm.04.R")
tracks/25/interp = 0
tracks/25/loop_wrap = true
tracks/25/keys = PackedFloat32Array(0, 1, 0.18725088, -0.96565235, 0.12997273, 0.12473905)
tracks/26/type = "rotation_3d"
tracks/26/imported = true
tracks/26/enabled = true
tracks/26/path = NodePath("metarig/Skeleton3D:f_pinky.01.R")
tracks/26/interp = 0
tracks/26/loop_wrap = true
tracks/26/keys = PackedFloat32Array(0, 1, -0.103945315, -0.6996668, 0.05268027, 0.7049018)
tracks/27/type = "rotation_3d"
tracks/27/imported = true
tracks/27/enabled = true
tracks/27/path = NodePath("metarig/Skeleton3D:f_pinky.03.R")
tracks/27/interp = 0
tracks/27/loop_wrap = true
tracks/27/keys = PackedFloat32Array(0, 1, -0.2791711, 0.56333405, -0.35852242, 0.69005793)
tracks/28/type = "position_3d"
tracks/28/imported = true
tracks/28/enabled = true
tracks/28/path = NodePath("metarig/Skeleton3D:handIK.R")
tracks/28/interp = 1
tracks/28/loop_wrap = true
tracks/28/keys = PackedFloat32Array(0, 1, -0.015530463, -0.051384512, 0.53121835, 0.033333335, 1, -0.015530463, -0.051384512, 0.53121835, 0.1, 1, -0.015530463, -0.047508877, 0.53121835, 0.2, 1, -0.015530482, -0.05139209, 0.53121835, 0.26666668, 1, -0.015530452, -0.05139209, 0.53121835, 0.33333334, 1, -0.015530482, -0.05139209, 0.53121835, 0.4, 1, -0.015530453, -0.051392075, 0.53121835, 0.43333334, 1, -0.015530471, -0.055275306, 0.53121835, 0.46666667, 1, -0.01553046, -0.054266587, 0.53121835, 0.5, 1, -0.015530474, -0.052393246, 0.53121835, 0.53333336, 1, -0.015530463, -0.051384512, 0.53121835)
tracks/29/type = "rotation_3d"
tracks/29/imported = true
tracks/29/enabled = true
tracks/29/path = NodePath("metarig/Skeleton3D:handIK.R")
tracks/29/interp = 0
tracks/29/loop_wrap = true
tracks/29/keys = PackedFloat32Array(0, 1, 0.55102676, 0.4693224, 0.39212012, 0.5677569)

[sub_resource type="Animation" id="Animation_eojip"]
resource_name = "HoldTool_IDLE"
length = 2.0
loop_mode = 1
tracks/0/type = "rotation_3d"
tracks/0/imported = true
tracks/0/enabled = true
tracks/0/path = NodePath("metarig/Skeleton3D:shoulder.L")
tracks/0/interp = 0
tracks/0/loop_wrap = true
tracks/0/keys = PackedFloat32Array(0, 1, -0.52706105, -0.03101891, -0.30166042, 0.79388005)
tracks/1/type = "rotation_3d"
tracks/1/imported = true
tracks/1/enabled = true
tracks/1/path = NodePath("metarig/Skeleton3D:upper_arm.L")
tracks/1/interp = 0
tracks/1/loop_wrap = true
tracks/1/keys = PackedFloat32Array(0, 1, -0.104805626, 0.24454252, -0.7172343, 0.6440418)
tracks/2/type = "rotation_3d"
tracks/2/imported = true
tracks/2/enabled = true
tracks/2/path = NodePath("metarig/Skeleton3D:forearm.L")
tracks/2/interp = 0
tracks/2/loop_wrap = true
tracks/2/keys = PackedFloat32Array(0, 1, -0.25705075, -0.65474695, -0.109069, 0.70237833)
tracks/3/type = "rotation_3d"
tracks/3/imported = true
tracks/3/enabled = true
tracks/3/path = NodePath("metarig/Skeleton3D:hand.L")
tracks/3/interp = 0
tracks/3/loop_wrap = true
tracks/3/keys = PackedFloat32Array(0, 1, -0.0024669894, -0.71234435, -0.10469701, 0.6939726)
tracks/4/type = "rotation_3d"
tracks/4/imported = true
tracks/4/enabled = true
tracks/4/path = NodePath("metarig/Skeleton3D:palm.01.L")
tracks/4/interp = 0
tracks/4/loop_wrap = true
tracks/4/keys = PackedFloat32Array(0, 1, 0.11572071, -0.9766254, 0.0013585028, 0.18113472)
tracks/5/type = "position_3d"
tracks/5/imported = true
tracks/5/enabled = true
tracks/5/path = NodePath("metarig/Skeleton3D:handIK.L")
tracks/5/interp = 0
tracks/5/loop_wrap = true
tracks/5/keys = PackedFloat32Array(0, 1, 0.3289303, -0.5049248, 0.08152217)
tracks/6/type = "rotation_3d"
tracks/6/imported = true
tracks/6/enabled = true
tracks/6/path = NodePath("metarig/Skeleton3D:handIK.L")
tracks/6/interp = 0
tracks/6/loop_wrap = true
tracks/6/keys = PackedFloat32Array(0, 1, 0.93440235, 0.06413951, -0.28789264, 0.19974098)
tracks/7/type = "rotation_3d"
tracks/7/imported = true
tracks/7/enabled = true
tracks/7/path = NodePath("metarig/Skeleton3D:shoulder.R")
tracks/7/interp = 1
tracks/7/loop_wrap = true
tracks/7/keys = PackedFloat32Array(0, 1, -0.7151676, 0.04139898, 0.15311788, 0.6807176, 0.3, 1, -0.7145588, 0.04109106, 0.15366918, 0.68125117, 0.43333334, 1, -0.7139465, 0.040787287, 0.15423085, 0.6817842, 0.56666666, 1, -0.7132612, 0.040454198, 0.1548681, 0.6823766, 0.7, 1, -0.71260154, 0.040140364, 0.15549016, 0.6829426, 0.8666667, 1, -0.7119623, 0.039842557, 0.15610105, 0.68348724, 1.3666667, 1, -0.71260154, 0.040140364, 0.15549016, 0.6829426, 1.5, 1, -0.7132612, 0.040454198, 0.1548681, 0.6823766, 1.6333333, 1, -0.7139465, 0.040787287, 0.15423085, 0.6817842, 1.7666667, 1, -0.7145588, 0.04109106, 0.15366918, 0.68125117, 2, 1, -0.7151563, 0.041393146, 0.15312801, 0.68072754)
tracks/8/type = "rotation_3d"
tracks/8/imported = true
tracks/8/enabled = true
tracks/8/path = NodePath("metarig/Skeleton3D:upper_arm.R")
tracks/8/interp = 1
tracks/8/loop_wrap = true
